2.50e12
0.0e00    0.000e00   0.00e00   0.00e00   2e32 Sun
6.25e10   0.000e00   0.00e00   5.66e05   6e24 Mercury
-6.25e10   0.000e00   0.00e00  -5.66e05   6e24 Earth
0         6.250e10  -5.66e05   0.00e00   6e24 Mars
0        -6.250e10   5.66e05   0.00e00   6e24 Venus
2.828e11  2.828e11  100000 -100000   1e26 Jupiter
2.828e11 -2.828e11 -100000 -100000   1e26 Saturn
-2.828e11 -2.828e11 -100000  100000   1e26 Uranus
-2.828e11 2.828e11   100000  100000   1e26 Neptune
-1.828e11 1.828e11   100000  100000   1e16 Pluto
